0 0.36796875 0.30234375 0.06875 0.11796875
0 0.284375 0.53671875 0.0390625 0.1609375
0 0.259375 0.940625 0.0546875 0.1078125
1 0.3015625 0.78828125 0.096875 0.1640625
1 0.89140625 0.0921875 0.2140625 0.18359375
1 0.92578125 0.31953125 0.1484375 0.3484375
1 0.934375 0.59765625 0.13125 0.25
1 0.54921875 0.109375 0.42109375 0.18984375
1 0.103125 0.28359375 0.20625 0.5671875
1 0.7375 0.76171875 0.07578125 0.44375
1 0.8125 0.7578125 0.075 0.484375
1 0.66328125 0.7828125 0.084375 0.434375
1 0.4046875 0.72109375 0.07109375 0.55703125
1 0.51484375 0.26171875 0.09765625 0.5234375
1 0.71015625 0.22734375 0.07265625 0.45390625
1 0.28984375 0.1640625 0.10234375 0.25625
1 0.115625 0.78359375 0.23046875 0.43203125