1 0.08125 0.32734375 0.16171875 0.34296875
1 0.23125 0.34921875 0.08671875 0.2578125
1 0.31640625 0.4015625 0.0609375 0.1125
1 0.38671875 0.4140625 0.07890625 0.14296875
1 0.42734375 0.41875 0.078125 0.1515625
1 0.49921875 0.434375 0.07578125 0.09921875
1 0.57265625 0.41875 0.06796875 0.0859375
1 0.646875 0.3828125 0.0609375 0.10234375
1 0.71015625 0.34140625 0.059375 0.08515625
1 0.77578125 0.29921875 0.0578125 0.0609375
1 0.82265625 0.29296875 0.046875 0.06640625
1 0.8609375 0.27265625 0.04765625 0.040625