0 0.68203125 0.715625 0.134375 0.17421875
0 0.2609375 0.2703125 0.23359375 0.24765625
0 0.28125 0.3546875 0.1078125 0.28515625
1 0.93203125 0.51953125 0.13359375 0.1640625
1 0.6234375 0.1234375 0.28515625 0.2171875
1 0.86875 0.271875 0.2484375 0.2390625
0 0.08046875 0.315625 0.1140625 0.2328125
0 0.47265625 0.715625 0.16953125 0.15625
0 0.4375 0.57734375 0.07265625 0.15390625
0 0.8109375 0.746875 0.08125 0.0828125
0 0.58984375 0.55 0.0765625 0.0953125
0 0.9140625 0.74765625 0.053125 0.0890625
1 0.62421875 0.37421875 0.18515625 0.20859375