0 0.8265625 0.515625 0.15625 0.19765625
0 0.728125 0.56015625 0.0546875 0.09296875
0 0.38359375 0.73359375 0.08515625 0.115625
0 0.48046875 0.78203125 0.0734375 0.05859375
0 0.1265625 0.721875 0.246875 0.0953125
0 0.325 0.8046875 0.12265625 0.109375
1 0.27734375 0.48359375 0.2265625 0.2484375
0 0.3390625 0.63359375 0.22578125 0.16484375
0 0.571875 0.61484375 0.15703125 0.1
0 0.63671875 0.6828125 0.07890625 0.05703125
1 0.57109375 0.23515625 0.2078125 0.45546875
1 0.8375 0.1265625 0.14140625 0.221875
1 0.29765625 0.17578125 0.1875 0.33671875
1 0.8515625 0.30234375 0.29609375 0.22578125
1 0.11875 0.4734375 0.215625 0.29296875