1 0.26328125 0.7796875 0.1953125 0.440625
1 0.83984375 0.45390625 0.3203125 0.54609375
1 0.65234375 0.75703125 0.26328125 0.4859375
0 0.41953125 0.6203125 0.125 0.1484375
0 0.0390625 0.73828125 0.078125 0.153125
1 0.19921875 0.2109375 0.39296875 0.39375
1 0.4921875 0.37734375 0.13046875 0.18046875
1 0.5390625 0.14140625 0.234375 0.2546875
1 0.83828125 0.13671875 0.32265625 0.2640625
0 0.23984375 0.54375 0.13515625 0.096875
0 0.13046875 0.60625 0.07265625 0.1203125
0 0.490625 0.5140625 0.0703125 0.09296875